{
 "cells": [
  {
   "cell_type": "markdown",
   "metadata": {},
   "source": [
    "### AI3001: Advanced Machine Learning\n",
    "\n",
    "#### Homework 1\n",
    "\n",
    "#### Tanmay Goyal\n",
    "\n",
    "#### AI20BTECH11021"
   ]
  },
  {
   "cell_type": "code",
   "execution_count": 102,
   "metadata": {},
   "outputs": [],
   "source": [
    "import numpy as np\n",
    "import pandas as pd\n",
    "import matplotlib.pyplot as plt\n",
    "import math"
   ]
  },
  {
   "cell_type": "code",
   "execution_count": 103,
   "metadata": {},
   "outputs": [],
   "source": [
    "apple = pd.read_csv('AppleStockData.csv')\n",
    "tesla = pd.read_csv('TeslaHistoricalData.csv')"
   ]
  },
  {
   "cell_type": "code",
   "execution_count": 104,
   "metadata": {},
   "outputs": [
    {
     "data": {
      "text/html": [
       "<div>\n",
       "<style scoped>\n",
       "    .dataframe tbody tr th:only-of-type {\n",
       "        vertical-align: middle;\n",
       "    }\n",
       "\n",
       "    .dataframe tbody tr th {\n",
       "        vertical-align: top;\n",
       "    }\n",
       "\n",
       "    .dataframe thead th {\n",
       "        text-align: right;\n",
       "    }\n",
       "</style>\n",
       "<table border=\"1\" class=\"dataframe\">\n",
       "  <thead>\n",
       "    <tr style=\"text-align: right;\">\n",
       "      <th></th>\n",
       "      <th>Date</th>\n",
       "      <th>Close/Last</th>\n",
       "      <th>Volume</th>\n",
       "      <th>Open</th>\n",
       "      <th>High</th>\n",
       "      <th>Low</th>\n",
       "    </tr>\n",
       "  </thead>\n",
       "  <tbody>\n",
       "    <tr>\n",
       "      <th>0</th>\n",
       "      <td>08/22/2022</td>\n",
       "      <td>$ 167.57</td>\n",
       "      <td>69026810</td>\n",
       "      <td>$ 169.69</td>\n",
       "      <td>$ 169.86</td>\n",
       "      <td>$ 167.14</td>\n",
       "    </tr>\n",
       "    <tr>\n",
       "      <th>1</th>\n",
       "      <td>08/19/2022</td>\n",
       "      <td>$ 171.52</td>\n",
       "      <td>70346300</td>\n",
       "      <td>$ 173.03</td>\n",
       "      <td>$ 173.74</td>\n",
       "      <td>$ 171.31</td>\n",
       "    </tr>\n",
       "    <tr>\n",
       "      <th>2</th>\n",
       "      <td>08/18/2022</td>\n",
       "      <td>$ 174.15</td>\n",
       "      <td>62290080</td>\n",
       "      <td>$ 173.75</td>\n",
       "      <td>$ 174.90</td>\n",
       "      <td>$ 173.12</td>\n",
       "    </tr>\n",
       "    <tr>\n",
       "      <th>3</th>\n",
       "      <td>08/17/2022</td>\n",
       "      <td>$ 174.55</td>\n",
       "      <td>79542040</td>\n",
       "      <td>$ 172.77</td>\n",
       "      <td>$ 176.15</td>\n",
       "      <td>$ 172.57</td>\n",
       "    </tr>\n",
       "    <tr>\n",
       "      <th>4</th>\n",
       "      <td>08/16/2022</td>\n",
       "      <td>$ 173.03</td>\n",
       "      <td>56377050</td>\n",
       "      <td>$ 172.78</td>\n",
       "      <td>$ 173.71</td>\n",
       "      <td>$ 171.66</td>\n",
       "    </tr>\n",
       "    <tr>\n",
       "      <th>...</th>\n",
       "      <td>...</td>\n",
       "      <td>...</td>\n",
       "      <td>...</td>\n",
       "      <td>...</td>\n",
       "      <td>...</td>\n",
       "      <td>...</td>\n",
       "    </tr>\n",
       "    <tr>\n",
       "      <th>1253</th>\n",
       "      <td>08/29/2017</td>\n",
       "      <td>$ 40.73</td>\n",
       "      <td>117804200</td>\n",
       "      <td>$ 40.03</td>\n",
       "      <td>$ 40.78</td>\n",
       "      <td>$ 40.00</td>\n",
       "    </tr>\n",
       "    <tr>\n",
       "      <th>1254</th>\n",
       "      <td>08/28/2017</td>\n",
       "      <td>$ 40.37</td>\n",
       "      <td>102599560</td>\n",
       "      <td>$ 40.04</td>\n",
       "      <td>$ 40.50</td>\n",
       "      <td>$ 39.98</td>\n",
       "    </tr>\n",
       "    <tr>\n",
       "      <th>1255</th>\n",
       "      <td>08/25/2017</td>\n",
       "      <td>$ 39.97</td>\n",
       "      <td>100738400</td>\n",
       "      <td>$ 39.91</td>\n",
       "      <td>$ 40.14</td>\n",
       "      <td>$ 39.82</td>\n",
       "    </tr>\n",
       "    <tr>\n",
       "      <th>1256</th>\n",
       "      <td>08/24/2017</td>\n",
       "      <td>$ 39.82</td>\n",
       "      <td>79128680</td>\n",
       "      <td>$ 40.11</td>\n",
       "      <td>$ 40.19</td>\n",
       "      <td>$ 39.64</td>\n",
       "    </tr>\n",
       "    <tr>\n",
       "      <th>1257</th>\n",
       "      <td>08/23/2017</td>\n",
       "      <td>$ 40.00</td>\n",
       "      <td>77507760</td>\n",
       "      <td>$ 39.77</td>\n",
       "      <td>$ 40.12</td>\n",
       "      <td>$ 39.72</td>\n",
       "    </tr>\n",
       "  </tbody>\n",
       "</table>\n",
       "<p>1258 rows × 6 columns</p>\n",
       "</div>"
      ],
      "text/plain": [
       "            Date Close/Last     Volume      Open      High       Low\n",
       "0     08/22/2022   $ 167.57   69026810  $ 169.69  $ 169.86  $ 167.14\n",
       "1     08/19/2022   $ 171.52   70346300  $ 173.03  $ 173.74  $ 171.31\n",
       "2     08/18/2022   $ 174.15   62290080  $ 173.75  $ 174.90  $ 173.12\n",
       "3     08/17/2022   $ 174.55   79542040  $ 172.77  $ 176.15  $ 172.57\n",
       "4     08/16/2022   $ 173.03   56377050  $ 172.78  $ 173.71  $ 171.66\n",
       "...          ...        ...        ...       ...       ...       ...\n",
       "1253  08/29/2017    $ 40.73  117804200   $ 40.03   $ 40.78   $ 40.00\n",
       "1254  08/28/2017    $ 40.37  102599560   $ 40.04   $ 40.50   $ 39.98\n",
       "1255  08/25/2017    $ 39.97  100738400   $ 39.91   $ 40.14   $ 39.82\n",
       "1256  08/24/2017    $ 39.82   79128680   $ 40.11   $ 40.19   $ 39.64\n",
       "1257  08/23/2017    $ 40.00   77507760   $ 39.77   $ 40.12   $ 39.72\n",
       "\n",
       "[1258 rows x 6 columns]"
      ]
     },
     "execution_count": 104,
     "metadata": {},
     "output_type": "execute_result"
    }
   ],
   "source": [
    "apple"
   ]
  },
  {
   "cell_type": "code",
   "execution_count": 105,
   "metadata": {},
   "outputs": [
    {
     "data": {
      "text/html": [
       "<div>\n",
       "<style scoped>\n",
       "    .dataframe tbody tr th:only-of-type {\n",
       "        vertical-align: middle;\n",
       "    }\n",
       "\n",
       "    .dataframe tbody tr th {\n",
       "        vertical-align: top;\n",
       "    }\n",
       "\n",
       "    .dataframe thead th {\n",
       "        text-align: right;\n",
       "    }\n",
       "</style>\n",
       "<table border=\"1\" class=\"dataframe\">\n",
       "  <thead>\n",
       "    <tr style=\"text-align: right;\">\n",
       "      <th></th>\n",
       "      <th>Date</th>\n",
       "      <th>Close/Last</th>\n",
       "      <th>Volume</th>\n",
       "      <th>Open</th>\n",
       "      <th>High</th>\n",
       "      <th>Low</th>\n",
       "    </tr>\n",
       "  </thead>\n",
       "  <tbody>\n",
       "    <tr>\n",
       "      <th>0</th>\n",
       "      <td>08/22/2022</td>\n",
       "      <td>$ 869.74</td>\n",
       "      <td>18614450</td>\n",
       "      <td>$ 875.74</td>\n",
       "      <td>$ 877.20</td>\n",
       "      <td>$ 858.89</td>\n",
       "    </tr>\n",
       "    <tr>\n",
       "      <th>1</th>\n",
       "      <td>08/19/2022</td>\n",
       "      <td>$ 890.00</td>\n",
       "      <td>20465130</td>\n",
       "      <td>$ 897.00</td>\n",
       "      <td>$ 901.08</td>\n",
       "      <td>$ 877.50</td>\n",
       "    </tr>\n",
       "    <tr>\n",
       "      <th>2</th>\n",
       "      <td>08/18/2022</td>\n",
       "      <td>$ 908.61</td>\n",
       "      <td>15833510</td>\n",
       "      <td>$ 918.00</td>\n",
       "      <td>$ 919.50</td>\n",
       "      <td>$ 905.56</td>\n",
       "    </tr>\n",
       "    <tr>\n",
       "      <th>3</th>\n",
       "      <td>08/17/2022</td>\n",
       "      <td>$ 911.99</td>\n",
       "      <td>22921990</td>\n",
       "      <td>$ 910.19</td>\n",
       "      <td>$ 928.97</td>\n",
       "      <td>$ 900.10</td>\n",
       "    </tr>\n",
       "    <tr>\n",
       "      <th>4</th>\n",
       "      <td>08/16/2022</td>\n",
       "      <td>$ 919.69</td>\n",
       "      <td>29378770</td>\n",
       "      <td>$ 935.00</td>\n",
       "      <td>$ 944.00</td>\n",
       "      <td>$ 908.65</td>\n",
       "    </tr>\n",
       "    <tr>\n",
       "      <th>...</th>\n",
       "      <td>...</td>\n",
       "      <td>...</td>\n",
       "      <td>...</td>\n",
       "      <td>...</td>\n",
       "      <td>...</td>\n",
       "      <td>...</td>\n",
       "    </tr>\n",
       "    <tr>\n",
       "      <th>1253</th>\n",
       "      <td>08/29/2017</td>\n",
       "      <td>$ 69.47</td>\n",
       "      <td>20346515</td>\n",
       "      <td>$ 67.90</td>\n",
       "      <td>$ 69.81</td>\n",
       "      <td>$ 67.75</td>\n",
       "    </tr>\n",
       "    <tr>\n",
       "      <th>1254</th>\n",
       "      <td>08/28/2017</td>\n",
       "      <td>$ 69.13</td>\n",
       "      <td>18731200</td>\n",
       "      <td>$ 69.46</td>\n",
       "      <td>$ 69.47</td>\n",
       "      <td>$ 67.94</td>\n",
       "    </tr>\n",
       "    <tr>\n",
       "      <th>1255</th>\n",
       "      <td>08/25/2017</td>\n",
       "      <td>$ 69.61</td>\n",
       "      <td>17375930</td>\n",
       "      <td>$ 70.85</td>\n",
       "      <td>$ 71.14</td>\n",
       "      <td>$ 69.46</td>\n",
       "    </tr>\n",
       "    <tr>\n",
       "      <th>1256</th>\n",
       "      <td>08/24/2017</td>\n",
       "      <td>$ 70.59</td>\n",
       "      <td>22857870</td>\n",
       "      <td>$ 70.50</td>\n",
       "      <td>$ 71.33</td>\n",
       "      <td>$ 69.95</td>\n",
       "    </tr>\n",
       "    <tr>\n",
       "      <th>1257</th>\n",
       "      <td>08/23/2017</td>\n",
       "      <td>$ 70.55</td>\n",
       "      <td>24709735</td>\n",
       "      <td>$ 67.80</td>\n",
       "      <td>$ 70.70</td>\n",
       "      <td>$ 67.66</td>\n",
       "    </tr>\n",
       "  </tbody>\n",
       "</table>\n",
       "<p>1258 rows × 6 columns</p>\n",
       "</div>"
      ],
      "text/plain": [
       "            Date Close/Last    Volume      Open      High       Low\n",
       "0     08/22/2022   $ 869.74  18614450  $ 875.74  $ 877.20  $ 858.89\n",
       "1     08/19/2022   $ 890.00  20465130  $ 897.00  $ 901.08  $ 877.50\n",
       "2     08/18/2022   $ 908.61  15833510  $ 918.00  $ 919.50  $ 905.56\n",
       "3     08/17/2022   $ 911.99  22921990  $ 910.19  $ 928.97  $ 900.10\n",
       "4     08/16/2022   $ 919.69  29378770  $ 935.00  $ 944.00  $ 908.65\n",
       "...          ...        ...       ...       ...       ...       ...\n",
       "1253  08/29/2017    $ 69.47  20346515   $ 67.90   $ 69.81   $ 67.75\n",
       "1254  08/28/2017    $ 69.13  18731200   $ 69.46   $ 69.47   $ 67.94\n",
       "1255  08/25/2017    $ 69.61  17375930   $ 70.85   $ 71.14   $ 69.46\n",
       "1256  08/24/2017    $ 70.59  22857870   $ 70.50   $ 71.33   $ 69.95\n",
       "1257  08/23/2017    $ 70.55  24709735   $ 67.80   $ 70.70   $ 67.66\n",
       "\n",
       "[1258 rows x 6 columns]"
      ]
     },
     "execution_count": 105,
     "metadata": {},
     "output_type": "execute_result"
    }
   ],
   "source": [
    "tesla"
   ]
  },
  {
   "cell_type": "code",
   "execution_count": 106,
   "metadata": {},
   "outputs": [],
   "source": [
    "apple = apple.iloc[::-1]\n",
    "tesla = tesla.iloc[::-1]"
   ]
  },
  {
   "cell_type": "code",
   "execution_count": 107,
   "metadata": {},
   "outputs": [
    {
     "data": {
      "text/html": [
       "<div>\n",
       "<style scoped>\n",
       "    .dataframe tbody tr th:only-of-type {\n",
       "        vertical-align: middle;\n",
       "    }\n",
       "\n",
       "    .dataframe tbody tr th {\n",
       "        vertical-align: top;\n",
       "    }\n",
       "\n",
       "    .dataframe thead th {\n",
       "        text-align: right;\n",
       "    }\n",
       "</style>\n",
       "<table border=\"1\" class=\"dataframe\">\n",
       "  <thead>\n",
       "    <tr style=\"text-align: right;\">\n",
       "      <th></th>\n",
       "      <th>Date</th>\n",
       "      <th>Close/Last</th>\n",
       "      <th>Volume</th>\n",
       "      <th>Open</th>\n",
       "      <th>High</th>\n",
       "      <th>Low</th>\n",
       "    </tr>\n",
       "  </thead>\n",
       "  <tbody>\n",
       "    <tr>\n",
       "      <th>1257</th>\n",
       "      <td>08/23/2017</td>\n",
       "      <td>$ 40.00</td>\n",
       "      <td>77507760</td>\n",
       "      <td>$ 39.77</td>\n",
       "      <td>$ 40.12</td>\n",
       "      <td>$ 39.72</td>\n",
       "    </tr>\n",
       "    <tr>\n",
       "      <th>1256</th>\n",
       "      <td>08/24/2017</td>\n",
       "      <td>$ 39.82</td>\n",
       "      <td>79128680</td>\n",
       "      <td>$ 40.11</td>\n",
       "      <td>$ 40.19</td>\n",
       "      <td>$ 39.64</td>\n",
       "    </tr>\n",
       "    <tr>\n",
       "      <th>1255</th>\n",
       "      <td>08/25/2017</td>\n",
       "      <td>$ 39.97</td>\n",
       "      <td>100738400</td>\n",
       "      <td>$ 39.91</td>\n",
       "      <td>$ 40.14</td>\n",
       "      <td>$ 39.82</td>\n",
       "    </tr>\n",
       "    <tr>\n",
       "      <th>1254</th>\n",
       "      <td>08/28/2017</td>\n",
       "      <td>$ 40.37</td>\n",
       "      <td>102599560</td>\n",
       "      <td>$ 40.04</td>\n",
       "      <td>$ 40.50</td>\n",
       "      <td>$ 39.98</td>\n",
       "    </tr>\n",
       "    <tr>\n",
       "      <th>1253</th>\n",
       "      <td>08/29/2017</td>\n",
       "      <td>$ 40.73</td>\n",
       "      <td>117804200</td>\n",
       "      <td>$ 40.03</td>\n",
       "      <td>$ 40.78</td>\n",
       "      <td>$ 40.00</td>\n",
       "    </tr>\n",
       "    <tr>\n",
       "      <th>...</th>\n",
       "      <td>...</td>\n",
       "      <td>...</td>\n",
       "      <td>...</td>\n",
       "      <td>...</td>\n",
       "      <td>...</td>\n",
       "      <td>...</td>\n",
       "    </tr>\n",
       "    <tr>\n",
       "      <th>4</th>\n",
       "      <td>08/16/2022</td>\n",
       "      <td>$ 173.03</td>\n",
       "      <td>56377050</td>\n",
       "      <td>$ 172.78</td>\n",
       "      <td>$ 173.71</td>\n",
       "      <td>$ 171.66</td>\n",
       "    </tr>\n",
       "    <tr>\n",
       "      <th>3</th>\n",
       "      <td>08/17/2022</td>\n",
       "      <td>$ 174.55</td>\n",
       "      <td>79542040</td>\n",
       "      <td>$ 172.77</td>\n",
       "      <td>$ 176.15</td>\n",
       "      <td>$ 172.57</td>\n",
       "    </tr>\n",
       "    <tr>\n",
       "      <th>2</th>\n",
       "      <td>08/18/2022</td>\n",
       "      <td>$ 174.15</td>\n",
       "      <td>62290080</td>\n",
       "      <td>$ 173.75</td>\n",
       "      <td>$ 174.90</td>\n",
       "      <td>$ 173.12</td>\n",
       "    </tr>\n",
       "    <tr>\n",
       "      <th>1</th>\n",
       "      <td>08/19/2022</td>\n",
       "      <td>$ 171.52</td>\n",
       "      <td>70346300</td>\n",
       "      <td>$ 173.03</td>\n",
       "      <td>$ 173.74</td>\n",
       "      <td>$ 171.31</td>\n",
       "    </tr>\n",
       "    <tr>\n",
       "      <th>0</th>\n",
       "      <td>08/22/2022</td>\n",
       "      <td>$ 167.57</td>\n",
       "      <td>69026810</td>\n",
       "      <td>$ 169.69</td>\n",
       "      <td>$ 169.86</td>\n",
       "      <td>$ 167.14</td>\n",
       "    </tr>\n",
       "  </tbody>\n",
       "</table>\n",
       "<p>1258 rows × 6 columns</p>\n",
       "</div>"
      ],
      "text/plain": [
       "            Date Close/Last     Volume      Open      High       Low\n",
       "1257  08/23/2017    $ 40.00   77507760   $ 39.77   $ 40.12   $ 39.72\n",
       "1256  08/24/2017    $ 39.82   79128680   $ 40.11   $ 40.19   $ 39.64\n",
       "1255  08/25/2017    $ 39.97  100738400   $ 39.91   $ 40.14   $ 39.82\n",
       "1254  08/28/2017    $ 40.37  102599560   $ 40.04   $ 40.50   $ 39.98\n",
       "1253  08/29/2017    $ 40.73  117804200   $ 40.03   $ 40.78   $ 40.00\n",
       "...          ...        ...        ...       ...       ...       ...\n",
       "4     08/16/2022   $ 173.03   56377050  $ 172.78  $ 173.71  $ 171.66\n",
       "3     08/17/2022   $ 174.55   79542040  $ 172.77  $ 176.15  $ 172.57\n",
       "2     08/18/2022   $ 174.15   62290080  $ 173.75  $ 174.90  $ 173.12\n",
       "1     08/19/2022   $ 171.52   70346300  $ 173.03  $ 173.74  $ 171.31\n",
       "0     08/22/2022   $ 167.57   69026810  $ 169.69  $ 169.86  $ 167.14\n",
       "\n",
       "[1258 rows x 6 columns]"
      ]
     },
     "execution_count": 107,
     "metadata": {},
     "output_type": "execute_result"
    }
   ],
   "source": [
    "apple"
   ]
  },
  {
   "cell_type": "code",
   "execution_count": 108,
   "metadata": {},
   "outputs": [
    {
     "data": {
      "text/html": [
       "<div>\n",
       "<style scoped>\n",
       "    .dataframe tbody tr th:only-of-type {\n",
       "        vertical-align: middle;\n",
       "    }\n",
       "\n",
       "    .dataframe tbody tr th {\n",
       "        vertical-align: top;\n",
       "    }\n",
       "\n",
       "    .dataframe thead th {\n",
       "        text-align: right;\n",
       "    }\n",
       "</style>\n",
       "<table border=\"1\" class=\"dataframe\">\n",
       "  <thead>\n",
       "    <tr style=\"text-align: right;\">\n",
       "      <th></th>\n",
       "      <th>Date</th>\n",
       "      <th>Close/Last</th>\n",
       "      <th>Volume</th>\n",
       "      <th>Open</th>\n",
       "      <th>High</th>\n",
       "      <th>Low</th>\n",
       "    </tr>\n",
       "  </thead>\n",
       "  <tbody>\n",
       "    <tr>\n",
       "      <th>1257</th>\n",
       "      <td>08/23/2017</td>\n",
       "      <td>$ 70.55</td>\n",
       "      <td>24709735</td>\n",
       "      <td>$ 67.80</td>\n",
       "      <td>$ 70.70</td>\n",
       "      <td>$ 67.66</td>\n",
       "    </tr>\n",
       "    <tr>\n",
       "      <th>1256</th>\n",
       "      <td>08/24/2017</td>\n",
       "      <td>$ 70.59</td>\n",
       "      <td>22857870</td>\n",
       "      <td>$ 70.50</td>\n",
       "      <td>$ 71.33</td>\n",
       "      <td>$ 69.95</td>\n",
       "    </tr>\n",
       "    <tr>\n",
       "      <th>1255</th>\n",
       "      <td>08/25/2017</td>\n",
       "      <td>$ 69.61</td>\n",
       "      <td>17375930</td>\n",
       "      <td>$ 70.85</td>\n",
       "      <td>$ 71.14</td>\n",
       "      <td>$ 69.46</td>\n",
       "    </tr>\n",
       "    <tr>\n",
       "      <th>1254</th>\n",
       "      <td>08/28/2017</td>\n",
       "      <td>$ 69.13</td>\n",
       "      <td>18731200</td>\n",
       "      <td>$ 69.46</td>\n",
       "      <td>$ 69.47</td>\n",
       "      <td>$ 67.94</td>\n",
       "    </tr>\n",
       "    <tr>\n",
       "      <th>1253</th>\n",
       "      <td>08/29/2017</td>\n",
       "      <td>$ 69.47</td>\n",
       "      <td>20346515</td>\n",
       "      <td>$ 67.90</td>\n",
       "      <td>$ 69.81</td>\n",
       "      <td>$ 67.75</td>\n",
       "    </tr>\n",
       "    <tr>\n",
       "      <th>...</th>\n",
       "      <td>...</td>\n",
       "      <td>...</td>\n",
       "      <td>...</td>\n",
       "      <td>...</td>\n",
       "      <td>...</td>\n",
       "      <td>...</td>\n",
       "    </tr>\n",
       "    <tr>\n",
       "      <th>4</th>\n",
       "      <td>08/16/2022</td>\n",
       "      <td>$ 919.69</td>\n",
       "      <td>29378770</td>\n",
       "      <td>$ 935.00</td>\n",
       "      <td>$ 944.00</td>\n",
       "      <td>$ 908.65</td>\n",
       "    </tr>\n",
       "    <tr>\n",
       "      <th>3</th>\n",
       "      <td>08/17/2022</td>\n",
       "      <td>$ 911.99</td>\n",
       "      <td>22921990</td>\n",
       "      <td>$ 910.19</td>\n",
       "      <td>$ 928.97</td>\n",
       "      <td>$ 900.10</td>\n",
       "    </tr>\n",
       "    <tr>\n",
       "      <th>2</th>\n",
       "      <td>08/18/2022</td>\n",
       "      <td>$ 908.61</td>\n",
       "      <td>15833510</td>\n",
       "      <td>$ 918.00</td>\n",
       "      <td>$ 919.50</td>\n",
       "      <td>$ 905.56</td>\n",
       "    </tr>\n",
       "    <tr>\n",
       "      <th>1</th>\n",
       "      <td>08/19/2022</td>\n",
       "      <td>$ 890.00</td>\n",
       "      <td>20465130</td>\n",
       "      <td>$ 897.00</td>\n",
       "      <td>$ 901.08</td>\n",
       "      <td>$ 877.50</td>\n",
       "    </tr>\n",
       "    <tr>\n",
       "      <th>0</th>\n",
       "      <td>08/22/2022</td>\n",
       "      <td>$ 869.74</td>\n",
       "      <td>18614450</td>\n",
       "      <td>$ 875.74</td>\n",
       "      <td>$ 877.20</td>\n",
       "      <td>$ 858.89</td>\n",
       "    </tr>\n",
       "  </tbody>\n",
       "</table>\n",
       "<p>1258 rows × 6 columns</p>\n",
       "</div>"
      ],
      "text/plain": [
       "            Date Close/Last    Volume      Open      High       Low\n",
       "1257  08/23/2017    $ 70.55  24709735   $ 67.80   $ 70.70   $ 67.66\n",
       "1256  08/24/2017    $ 70.59  22857870   $ 70.50   $ 71.33   $ 69.95\n",
       "1255  08/25/2017    $ 69.61  17375930   $ 70.85   $ 71.14   $ 69.46\n",
       "1254  08/28/2017    $ 69.13  18731200   $ 69.46   $ 69.47   $ 67.94\n",
       "1253  08/29/2017    $ 69.47  20346515   $ 67.90   $ 69.81   $ 67.75\n",
       "...          ...        ...       ...       ...       ...       ...\n",
       "4     08/16/2022   $ 919.69  29378770  $ 935.00  $ 944.00  $ 908.65\n",
       "3     08/17/2022   $ 911.99  22921990  $ 910.19  $ 928.97  $ 900.10\n",
       "2     08/18/2022   $ 908.61  15833510  $ 918.00  $ 919.50  $ 905.56\n",
       "1     08/19/2022   $ 890.00  20465130  $ 897.00  $ 901.08  $ 877.50\n",
       "0     08/22/2022   $ 869.74  18614450  $ 875.74  $ 877.20  $ 858.89\n",
       "\n",
       "[1258 rows x 6 columns]"
      ]
     },
     "execution_count": 108,
     "metadata": {},
     "output_type": "execute_result"
    }
   ],
   "source": [
    "tesla"
   ]
  },
  {
   "cell_type": "code",
   "execution_count": 109,
   "metadata": {},
   "outputs": [
    {
     "name": "stdout",
     "output_type": "stream",
     "text": [
      "True\n"
     ]
    }
   ],
   "source": [
    "apple_dates = apple['Date'].tolist()\n",
    "tesla_dates = tesla['Date'].tolist()\n",
    "print(apple_dates == tesla_dates)"
   ]
  },
  {
   "cell_type": "code",
   "execution_count": 110,
   "metadata": {},
   "outputs": [],
   "source": [
    "dates = apple_dates"
   ]
  },
  {
   "cell_type": "code",
   "execution_count": 111,
   "metadata": {},
   "outputs": [],
   "source": [
    "acceptable_dates = ['08/23/2017',\n",
    "'02/23/2018',\n",
    "'08/23/2018',\n",
    "'02/22/2019',\n",
    "'08/23/2019',\n",
    "'02/24/2020',\n",
    "'08/24/2020',\n",
    "'02/24/2021',\n",
    "'08/24/2021',\n",
    "'02/22/2022',\n",
    "'08/22/2022']"
   ]
  },
  {
   "cell_type": "code",
   "execution_count": 112,
   "metadata": {},
   "outputs": [],
   "source": [
    "r_a = []\n",
    "r_t = []\n",
    "\n",
    "for label, row in apple.iterrows():\n",
    "    r_a.append(float(row['Close/Last'][2:]) / float(row['Open'][2:]))\n",
    "\n",
    "for label, row in tesla.iterrows():\n",
    "    r_t.append(float(row['Close/Last'][2:]) / float(row['Open'][2:]))"
   ]
  },
  {
   "cell_type": "markdown",
   "metadata": {},
   "source": [
    "##### 1. Buy and Hold strategy with parameters (i/10 , (10-i)/10)"
   ]
  },
  {
   "cell_type": "code",
   "execution_count": 113,
   "metadata": {},
   "outputs": [],
   "source": [
    "init = 1000\n",
    "final_wealth = []\n",
    "\n",
    "for i in range(11):\n",
    "\n",
    "    curr_wealth = []\n",
    "\n",
    "    a_w = init * 0.1 * i\n",
    "    t_w = init * 0.1 * (10-i)\n",
    "\n",
    "    for j in range(len(dates)):\n",
    "    \n",
    "        a_w *= r_a[j]\n",
    "        t_w *= r_t[j]\n",
    "\n",
    "        if dates[j] in acceptable_dates:\n",
    "            curr_wealth.append(a_w + t_w)\n",
    "\n",
    "    final_wealth.append(curr_wealth)"
   ]
  },
  {
   "cell_type": "code",
   "execution_count": 114,
   "metadata": {},
   "outputs": [
    {
     "data": {
